{
    "class" : "HiddenMarkovModel",
    "name" : "None",
    "start" : {
        "class" : "State",
        "distribution" : null,
        "name" : "None-start",
        "weight" : 1.0
    },
    "end" : {
        "class" : "State",
        "distribution" : null,
        "name" : "None-end",
        "weight" : 1.0
    },
    "states" : [
        {
            "class" : "State",
            "distribution" : {
                "class" : "Distribution",
                "name" : "MultivariateGaussianDistribution",
                "parameters" : [
                    [
                        [
                            -3.6071787885190254
                        ],
                        [
                            -2.6450718605221573
                        ],
                        [
                            -5.80460380369961
                        ],
                        [
                            -8.759069583730069
                        ],
                        [
                            -23.996840567530278
                        ],
                        [
                            -5.400575266252168
                        ]
                    ],
                    [
                        [
                            12.913055810848448,
                            -0.37295614206056343,
                            1.9939444256701657,
                            -0.3727120300380139,
                            -3.4489990299309348,
                            -5.55239914167945
                        ],
                        [
                            -0.37295614206056343,
                            0.9244127135644795,
                            0.24479475711105092,
                            1.802008548254948,
                            -1.0958350811829434,
                            -4.152466303409622
                        ],
                        [
                            1.9939444256701657,
                            0.24479475711105092,
                            1.8530804240592647,
                            -0.875992787503915,
                            -1.1859210602121435,
                            -2.1530092753746395
                        ],
                        [
                            -0.3727120300380139,
                            1.802008548254948,
                            -0.875992787503915,
                            323.737607305982,
                            -132.90099724953387,
                            -213.06053991240827
                        ],
                        [
                            -3.4489990299309348,
                            -1.0958350811829434,
                            -1.1859210602121435,
                            -132.90099724953387,
                            371.33399822820195,
                            122.85452199264617
                        ],
                        [
                            -5.55239914167945,
                            -4.152466303409622,
                            -2.1530092753746395,
                            -213.06053991240827,
                            122.85452199264617,
                            448.1691902967636
                        ]
                    ]
                ],
                "frozen" : false
            },
            "name" : "0",
            "weight" : 1.0
        },
        {
            "class" : "State",
            "distribution" : {
                "class" : "Distribution",
                "name" : "MultivariateGaussianDistribution",
                "parameters" : [
                    [
                        [
                            -67.18843083089456
                        ],
                        [
                            -2.3952779525324557
                        ],
                        [
                            -2.6263745101505673
                        ],
                        [
                            -6.039093946492126
                        ],
                        [
                            -7.50762647781165
                        ],
                        [
                            -8.567341764083103
                        ]
                    ],
                    [
                        [
                            1719.4177187900777,
                            -2.865717017525875,
                            -330.43228076354995,
                            104.61900245751889,
                            -553.6436306974796,
                            -91.60341958518518
                        ],
                        [
                            -2.865717017525875,
                            17.1225929020276,
                            -21.669753947314668,
                            8.290329100237058,
                            -4.433065564273638,
                            0.13206697391484334
                        ],
                        [
                            -330.43228076354995,
                            -21.669753947314668,
                            203.07765910372746,
                            -48.666112166176326,
                            131.49927814857477,
                            30.286370117342127
                        ],
                        [
                            104.61900245751889,
                            8.290329100237058,
                            -48.666112166176326,
                            27.830413642005503,
                            -40.1396018870955,
                            -11.442348965122534
                        ],
                        [
                            -553.6436306974796,
                            -4.433065564273638,
                            131.49927814857477,
                            -40.1396018870955,
                            232.0792821279166,
                            26.113807014901223
                        ],
                        [
                            -91.60341958518518,
                            0.13206697391484334,
                            30.286370117342127,
                            -11.442348965122534,
                            26.113807014901223,
                            33.22092979518773
                        ]
                    ]
                ],
                "frozen" : false
            },
            "name" : "1",
            "weight" : 1.0
        },
        {
            "class" : "State",
            "distribution" : {
                "class" : "Distribution",
                "name" : "MultivariateGaussianDistribution",
                "parameters" : [
                    [
                        [
                            45.580746516303456
                        ],
                        [
                            4.303516629810894
                        ],
                        [
                            6.844491758689085
                        ],
                        [
                            10.466699628979255
                        ],
                        [
                            8.233846185828572
                        ],
                        [
                            -5.643621526696066
                        ]
                    ],
                    [
                        [
                            54831.317170985574,
                            -1337.5830224083409,
                            2902.522555188442,
                            1231.2691410305868,
                            -12998.033370258432,
                            -4417.587808628088
                        ],
                        [
                            -1337.5830224083409,
                            1277.434274000082,
                            -325.72028185756096,
                            533.6644585896013,
                            60.2044838253207,
                            -402.5103977229976
                        ],
                        [
                            2902.522555188442,
                            -325.72028185756096,
                            2313.1514552787767,
                            -295.8296160310749,
                            -536.262291563667,
                            -779.3496348506894
                        ],
                        [
                            1231.2691410305868,
                            533.6644585896013,
                            -295.8296160310749,
                            614.4940986218485,
                            -203.1756807169783,
                            -278.24503112842257
                        ],
                        [
                            -12998.033370258432,
                            60.2044838253207,
                            -536.262291563667,
                            -203.1756807169783,
                            6897.074331731919,
                            2649.947094501583
                        ],
                        [
                            -4417.587808628088,
                            -402.5103977229976,
                            -779.3496348506894,
                            -278.24503112842257,
                            2649.947094501583,
                            2442.143032757427
                        ]
                    ]
                ],
                "frozen" : false
            },
            "name" : "2",
            "weight" : 1.0
        },
        {
            "class" : "State",
            "distribution" : {
                "class" : "Distribution",
                "name" : "MultivariateGaussianDistribution",
                "parameters" : [
                    [
                        [
                            -54.41773874556404
                        ],
                        [
                            -6.731149259620453
                        ],
                        [
                            -10.531841497913693
                        ],
                        [
                            -14.126974240181747
                        ],
                        [
                            9.680450401866464
                        ],
                        [
                            30.427526502628368
                        ]
                    ],
                    [
                        [
                            9012.026718546666,
                            978.8630897635775,
                            953.0512227286845,
                            297.6987302973795,
                            -3549.4460596519716,
                            -3567.6760098541117
                        ],
                        [
                            978.8630897635775,
                            220.23845695407311,
                            190.49459830788732,
                            21.081134109929323,
                            -361.7976989623859,
                            -361.1930550559188
                        ],
                        [
                            953.0512227286845,
                            190.49459830788732,
                            605.4744088627623,
                            -44.160542756942505,
                            -336.53279490142455,
                            -343.1401384262581
                        ],
                        [
                            297.6987302973795,
                            21.081134109929323,
                            -44.160542756942505,
                            1003.8284110306016,
                            -978.0721564460187,
                            -738.8318151289827
                        ],
                        [
                            -3549.4460596519716,
                            -361.7976989623859,
                            -336.53279490142455,
                            -978.0721564460187,
                            3007.309523871677,
                            2360.2532305177874
                        ],
                        [
                            -3567.6760098541117,
                            -361.1930550559188,
                            -343.1401384262581,
                            -738.8318151289827,
                            2360.2532305177874,
                            3170.0883097320443
                        ]
                    ]
                ],
                "frozen" : false
            },
            "name" : "3",
            "weight" : 1.0
        },
        {
            "class" : "State",
            "distribution" : null,
            "name" : "None-start",
            "weight" : 1.0
        },
        {
            "class" : "State",
            "distribution" : null,
            "name" : "None-end",
            "weight" : 1.0
        }
    ],
    "end_index" : 5,
    "start_index" : 4,
    "silent_index" : 4,
    "edges" : [
        [
            4,
            0,
            0.25000000000000006,
            0.25,
            null
        ],
        [
            4,
            1,
            0.25000000000000006,
            0.25,
            null
        ],
        [
            4,
            2,
            0.25000000000000006,
            0.25,
            null
        ],
        [
            4,
            3,
            0.25000000000000006,
            0.25,
            null
        ],
        [
            0,
            0,
            0.9218595450049444,
            0.8,
            null
        ],
        [
            0,
            1,
            0.07814045499505569,
            0.2,
            null
        ],
        [
            1,
            1,
            0.9266215585627613,
            0.8,
            null
        ],
        [
            1,
            2,
            0.07337844143723884,
            0.2,
            null
        ],
        [
            2,
            2,
            0.971888957001487,
            0.8,
            null
        ],
        [
            2,
            3,
            0.02811104299851306,
            0.2,
            null
        ],
        [
            3,
            3,
            0.9226539589442803,
            0.8,
            null
        ],
        [
            3,
            0,
            0.07734604105571977,
            0.2,
            null
        ]
    ],
    "distribution ties" : []
}